time OD pH Glucose Pyruvate Succinate Lactate Formate Acetate Trehalose
0 0.002 5.13 0.22 0.87 7.51 1.13 2.58 12.75 0.78
4 0.005 5.13 0.21 0.87 7.46 1.12 2.55 12.76 0.78
8 0.005 5.09 0.21 0.86 7.42 1.12 2.54 12.77 0.77
16 0.013 5.1 0.2 0.85 7.54 1.17 2.45 12.71 0.77
24 0.009 5.1 0.2 0.84 7.41 1.11 2.44 12.76 0.76
28 0.009 5.14 0.19 0.85 7.37 1.07 2.38 12.74 0.72
32 0.012 5.09 0.19 0.85 7.37 1.06 2.41 12.69 0.72
40 0.009 5.14 0.18 0.84 7.33 1.04 2.31 12.74 0.71
48 0.013 5.18 0.18 0.82 7.2 1 2.32 12.71 0.7
