time OD pH Glucose Pyruvate Succinate Lactate Formate Acetate Trehalose
0 0.004 6.31 3.77 13.75 6.88 1.05 2.42 12.33 0.73
4 0.019 6.27 3.62 13.82 7.02 1.06 2.45 12.57 0.72
8 0.103 6.14 3.15 13.64 7.32 1.12 2.45 13.03 0.71
16 0.394 5.77 1.56 11.42 7.64 2.04 2.72 15.82 0.7
24 0.437 5.43 0.08 4 8.01 4.71 2.6 20.14 0.67
28 0.42 5.42 0 1.79 7.98 5.19 2.65 21.26 0.63
32 0.391 5.47 0 1.05 8.04 5.38 2.47 21.47 0.62
40 0.368 5.51 0 0.42 7.91 5.41 2.58 21.84 0.6
48 0.36 5.51 0 0.24 7.88 5.45 2.43 21.72 0.57
